Sat. Apr. 19, 2014             LANDSAT 5                 Time: 07:02
                         Image Assessment System
                           GCP Residual Report
----------------------------------------------------------------------------
WOID: L10997128            Path/Row: 224 / 063

L0R Reference Image: L51CUB1088227120102_HDF.141091118
Acquisition Date: Aug 14, 1988

Band Number:  5

GeoCover date for each WRS-2 path/row used:
Path  Row   Date
224   063   2001-07-09


Point_ID      Latitude  Longitude    Height       Across    Along    Residual  Residual
                                                   Scan      Scan      In y      in x
                                                 Residual  Residual    dir       dir
                (deg)     (deg)     (meters)     (meters)  (meters)  (meters)  (meters)

2240630001   -3.827798  -49.655242     1.352      -1.466    -1.586    -1.221    -1.781
2240630006   -3.752937  -49.505185    49.305       1.526    -2.963     1.937    -2.711
2240630009   -3.880287  -49.564393    47.345       2.440    -1.654     2.653    -1.285
2240630011   -3.800553  -49.585865    63.374      -3.921    -5.818    -3.040    -6.320
2240630015   -3.751841  -49.665623   -11.062       1.206     6.593     0.243     6.697
2240630017   -3.815551  -49.631760   -17.487       2.395    -4.993     3.090    -4.595
2240630019   -4.195445  -50.013283    94.764       2.425     3.318     1.920     3.632
2240630020   -4.371367  -49.424581    50.410       3.852     0.792     3.696     1.339
2240630021   -3.828191  -49.563130    45.215       3.674    -0.822     3.753    -0.284
2240630022   -3.832717  -49.677925   129.181      -1.525    -2.873    -1.094    -3.062
2240630025   -3.783637  -49.529441    46.928       4.404    -5.907     5.208    -5.209
2240630027   -3.646866  -49.687116     6.651      -2.364    -2.058    -2.042    -2.376
2240630028   -3.906065  -49.734544    62.924      -2.239     4.870    -2.917     4.495
2240630029   -3.966521  -49.538310    46.281      -0.056     2.156    -0.366     2.125
2240630030   -4.416320  -49.386105    55.489       1.620     0.964     1.463     1.187
2240630033   -3.907840  -49.835854    68.161      -3.744    -0.805    -3.587    -1.336
2240630037   -3.965084  -49.827669    45.000       2.905    -0.610     2.962    -0.185
2240630039   -4.167112  -49.745761    71.353      -4.355     3.634    -4.832     2.967
2240630040   -4.014018  -50.114840    97.835       1.277    -1.006     1.408    -0.811
2240630045   -3.970645  -49.926012    55.425      -3.209    -2.923    -2.753    -3.354
2240630046   -4.151387  -50.164691   142.711       4.736     5.419     3.903     6.042
2240630048   -4.785621  -50.469119   223.301       0.560    -0.815     0.671    -0.725
2240630049   -4.052043  -49.732430    72.060       4.735    -3.473     5.185    -2.752
2240630052   -4.990442  -49.655044    85.467      -3.904    -2.413    -3.513    -2.950
2240630058   -3.876714  -49.704061    44.349      -1.866     2.358    -2.186     2.064
2240630063   -3.844758  -50.564611    94.810      -4.798    -0.758    -4.636    -1.441
2240630066   -3.733332  -49.813940    67.979      -1.944     2.528    -2.287     2.221
2240630070   -4.882059  -50.060236   107.015      -0.146    -4.601     0.520    -4.571
2240630071   -4.672122  -49.494776    50.785       5.353     2.858     4.882     3.600
2240630072   -4.042230  -49.704344    44.000      -1.486     3.987    -2.045     3.730
2240630073   -4.376495  -49.692168    49.445       1.548     6.060     0.657     6.218
2240630074   -3.999097  -49.710357    44.000      -2.402     3.072    -2.819     2.693
2240630081   -5.043455  -49.458239   105.033      -4.789    -0.713    -4.634    -1.397
2240630086   -4.525140  -49.399654    53.304       5.520    -5.241     6.218    -4.389
2240630088   -3.662806  -49.473199    44.200       0.035    -6.185     0.926    -6.114
2240630093   -4.317722  -49.755789    53.692      -0.928     0.724    -1.023     0.582
2240630094   -3.905546  -49.947710    65.416       5.611    -1.291     5.736    -0.468
2240630095   -3.896023  -49.927458    49.000       0.347    -0.092     0.357    -0.041
2240630096   -3.792783  -49.832228    51.928       0.720     0.996     0.568     1.089
2240630098   -4.416637  -49.407458    52.804      -1.126    -1.253    -0.933    -1.402
2240630099   -4.427121  -49.629633    65.310      -1.705     0.265    -1.725     0.017
2240630101   -4.811185  -49.565876    77.772      -5.500     2.855    -5.852     2.031
2240630104   -4.113833  -49.530751    82.022      -0.203     0.052    -0.209     0.022
2240630107   -4.673304  -49.415547    44.000       5.369    -1.627     5.546    -0.835
2240630108   -4.034652  -49.554941    54.913       0.963     1.341     0.759     1.466
2240630109   -4.459860  -50.862268   327.466       1.757    -2.049     2.032    -1.772
2240630112   -4.671539  -49.356065    53.181       3.000    -0.532     3.045    -0.094
2240630116   -4.511080  -49.421311    47.800       3.625     1.830     3.321     2.334
2240630121   -3.826549  -49.725748    44.000       0.174    -0.364     0.225    -0.335
2240630126   -3.846104  -50.544346   142.546      -2.073     3.524    -2.558     3.186
2240630130   -4.580765  -49.403857    47.778      -0.279     4.710    -0.956     4.619
2240630132   -4.788733  -49.737669   152.955      -1.896    -3.664    -1.346    -3.897
2240630133   -3.838823  -50.641891    59.767       3.795    -2.875     4.167    -2.297
2240630134   -4.220258  -49.722974    45.000       3.394     3.767     2.814     4.216
2240630137   -3.813827  -49.746567    44.568      -1.715     1.351    -1.891     1.089
2240630142   -4.481872  -49.600064    45.937       1.099     1.278     0.902     1.422
2240630143   -4.079401  -49.702934    49.685       1.781     1.223     1.585     1.466
2240630147   -4.588616  -49.521990    64.222      -4.484     0.267    -4.475    -0.383
2240630153   -3.806590  -49.808978    59.199       1.037    -0.334     1.074    -0.181
2240630155   -3.858855  -49.736776    61.160      -0.583     1.038    -0.726     0.942
2240630156   -4.839459  -49.593135   109.030      -1.052     2.790    -1.444     2.608
2240630158   -3.909376  -49.771282    66.006      -1.845     1.332    -2.017     1.051
2240630159   -3.814973  -49.609612    56.154      -4.188    -2.729    -3.750    -3.304
2240630162   -3.884799  -49.853176    48.108      -1.360     5.885    -2.193     5.625
2240630163   -4.570287  -49.581509    98.619       1.978    -1.043     2.107    -0.746
2240630165   -4.163243  -50.088189   106.761       1.271     4.297     0.638     4.433
2240630167   -3.941891  -49.740164    48.725       0.618    -2.728     1.004    -2.610
2240630169   -4.376372  -49.780022    54.081      -2.837     1.993    -3.094     1.563
2240630170   -4.244777  -49.478350    57.881       0.054    -0.052     0.060    -0.043
2240630172   -4.559602  -49.530160    48.645      -3.601    -0.920    -3.430    -1.430
2240630174   -3.835829  -50.621628    80.024       4.369    -3.409     4.812    -2.741
2240630176   -3.771783  -49.756082    50.648      -1.042    -6.527    -0.090    -6.607
2240630179   -4.734564  -49.645815    72.967      -4.245    -1.208    -4.025    -1.807
2240630180   -3.988596  -49.762519    86.154      -2.635    -4.564    -1.948    -4.895
2240630182   -3.775541  -49.400623    30.992      -3.017     0.442    -3.049     0.002
2240630183   -3.807841  -49.562623    46.786      -1.849    -5.245    -1.073    -5.455
2240630191   -4.287994  -49.385027    44.000       2.689     3.438     2.164     3.789
2240630192   -3.759702  -49.850101    62.485      -0.774     0.771    -0.877     0.651
2240630200   -4.612482  -49.392971    44.000       3.909    -2.228     4.189    -1.641
2240630201   -4.365090  -49.407026    57.771      -1.359    -1.510    -1.126    -1.690
2240630202   -3.772467  -49.502721    47.971      -1.302     6.130    -2.172     5.877
2240630204   -4.013709  -49.685206    61.259      -1.747     1.051    -1.880     0.788
2240630205   -4.061752  -49.537601    52.242       2.000     2.985     1.547     3.241
2240630209   -4.427259  -49.426626    54.044      -0.079     6.203    -0.973     6.126
2240630212   -4.569590  -49.642075    69.013       0.044    -4.297     0.663    -4.244
2240630215   -4.883549  -49.411277    44.000      -0.681     0.345    -0.724     0.243
2240630217   -4.173338  -50.136018   133.770       3.768    -1.965     4.010    -1.400
2240630218   -4.298130  -49.895567    51.128      -3.347    -1.761    -3.057    -2.225
2240630219   -4.060299  -49.808347    75.439       3.912    -0.323     3.916     0.244
2240630224   -3.991769  -49.547181    46.373      -0.015     1.342    -0.208     1.325
2240630225   -5.055377  -50.005056   105.564      -3.961     1.815    -4.179     1.223
2240630227   -4.926737  -49.994428   154.862       0.989    -5.179     1.726    -4.979
2240630229   -4.161636  -49.714962    50.945       0.119     6.462    -0.814     6.409
2240630231   -5.017122  -49.699632    80.489       6.364    -5.016     7.019    -4.043
2240630235   -4.007340  -49.776811    62.841      -5.073    -0.070    -5.008    -0.801
2240630236   -3.736799  -49.770177    60.844       0.741     5.818    -0.106     5.862
2240630237   -3.918085  -49.789100    48.210       0.511     2.969     0.078     3.011
2240630239   -5.058281  -50.137653   104.482      -3.135     5.853    -3.945     5.336
2240630240   -4.035591  -49.797575    62.794      -3.553    -4.619    -2.848    -5.081
2240630241   -4.452609  -49.356833    56.237       0.862    -6.249     1.755    -6.058
2240630242   -3.818505  -49.791673    47.457      -1.627    -1.293    -1.423    -1.514
2240630244   -4.137431  -49.681222    53.506       1.941    -0.708     2.022    -0.421
